 0.0000000      33971451.      287292.18      34258743.    
0.12500000E-02  34048688.      210055.45      34258743.    
0.25000000E-02  34048674.      210069.54      34258743.    
0.37500000E-02  34048674.      210069.69      34258743.    
0.50000000E-02  34048674.      210069.69      34258743.    
0.62500000E-02  34048674.      210069.69      34258743.    
0.75000000E-02  34048674.      210069.69      34258743.    
0.10000000E-01  34048674.      210069.69      34258743.    
0.12500000E-01  34048674.      210069.69      34258743.    
0.15000000E-01  34048674.      210069.69      34258743.    
0.17500000E-01  34048674.      210069.69      34258743.    
0.20000000E-01  34048674.      210069.69      34258743.    
0.22500000E-01  34048674.      210069.69      34258743.    
0.27500000E-01  34048674.      210069.69      34258743.    
0.32500000E-01  34048674.      210069.69      34258743.    
0.37500000E-01  34048674.      210069.69      34258743.    
0.42500000E-01  34048674.      210069.69      34258743.    
0.47500000E-01  34048674.      210069.69      34258743.    
0.52500000E-01  34048674.      210069.69      34258743.    
0.62500000E-01  34048674.      210069.69      34258743.    
0.72500000E-01  34048674.      210069.69      34258743.    
0.82500000E-01  34048674.      210069.69      34258743.    
0.92500000E-01  34048674.      210069.69      34258743.    
0.10250000      34048674.      210069.69      34258743.    
0.11250000      34048674.      210069.69      34258743.    
0.12250000      34048674.      210069.69      34258743.    
0.13250000      34048674.      210069.69      34258743.    
0.14250000      34048674.      210069.69      34258743.    
0.15250000      34048674.      210069.69      34258743.    
0.16250000      34048674.      210069.69      34258743.    
0.17250000      34048674.      210069.69      34258743.    
0.18250000      34048674.      210069.69      34258743.    
0.19250000      34048674.      210069.69      34258743.    
0.20250000      34048674.      210069.69      34258743.    
0.21250000      34048674.      210069.69      34258743.    
0.22250000      34048674.      210069.69      34258743.    
0.23250000      34048674.      210069.69      34258743.    
0.24250000      34048674.      210069.69      34258743.    
0.25250000      34048674.      210069.69      34258743.    
0.26250000      34048674.      210069.69      34258743.    
0.27250000      34048674.      210069.69      34258743.    
0.28250000      34048674.      210069.69      34258743.    
0.29250000      34048674.      210069.69      34258743.    
0.30250000      34048674.      210069.69      34258743.    
0.31250000      34048674.      210069.69      34258743.    
0.32250000      34048674.      210069.69      34258743.    
0.33250000      34048674.      210069.69      34258743.    
0.34250000      34048674.      210069.69      34258743.    
0.35250000      34048674.      210069.69      34258743.    
0.36250000      34048674.      210069.69      34258743.    
0.37250000      34048674.      210069.69      34258743.    
0.38250000      34048674.      210069.69      34258743.    
0.39250000      34048674.      210069.69      34258743.    
0.40250000      34048674.      210069.69      34258743.    
0.41250000      34048674.      210069.69      34258743.    
0.42250000      34048674.      210069.69      34258743.    
0.43250000      34048674.      210069.69      34258743.    
0.44250000      34048674.      210069.69      34258743.    
0.45250000      34048674.      210069.69      34258743.    
0.46250000      34048674.      210069.69      34258743.    
0.47250000      34048674.      210069.69      34258743.    
0.48250000      34048674.      210069.69      34258743.    
0.49250000      34048674.      210069.69      34258743.    
0.50250000      34048674.      210069.69      34258743.    
0.51250000      34048674.      210069.69      34258743.    
0.52250000      34048674.      210069.69      34258743.    
0.53250000      34048674.      210069.69      34258743.    
0.54250000      34048674.      210069.69      34258743.    
0.55250000      34048674.      210069.69      34258743.    
0.56250000      34048674.      210069.69      34258743.    
0.57250000      34048674.      210069.69      34258743.    
0.58250000      34048674.      210069.69      34258743.    
0.59250000      34048674.      210069.69      34258743.    
0.60250000      34048674.      210069.69      34258743.    
0.61250000      34048674.      210069.69      34258743.    
0.62250000      34048674.      210069.69      34258743.    
0.63250000      34048674.      210069.69      34258743.    
0.64250000      34048674.      210069.69      34258743.    
0.65250000      34048674.      210069.69      34258743.    
0.66250000      34048674.      210069.69      34258743.    
0.67250000      34048674.      210069.69      34258743.    
0.68250000      34048674.      210069.69      34258743.    
0.69250000      34048674.      210069.69      34258743.    
0.70250000      34048674.      210069.69      34258743.    
0.71250000      34048674.      210069.69      34258743.    
0.72250000      34048674.      210069.69      34258743.    
0.73250000      34048674.      210069.69      34258743.    
0.74250000      34048674.      210069.69      34258743.    
0.75250000      34048674.      210069.69      34258743.    
0.76250000      34048674.      210069.69      34258743.    
0.77250000      34048674.      210069.69      34258743.    
0.78250000      34048674.      210069.69      34258743.    
0.79250000      34048674.      210069.69      34258743.    
0.80250000      34048674.      210069.69      34258743.    
0.81250000      34048674.      210069.69      34258743.    
0.82250000      34048674.      210069.69      34258743.    
0.83250000      34048674.      210069.69      34258743.    
0.84250000      34048674.      210069.69      34258743.    
0.85250000      34048674.      210069.69      34258743.    
0.86250000      34048674.      210069.69      34258743.    
0.87250000      34048674.      210069.69      34258743.    
0.88250000      34048674.      210069.69      34258743.    
0.89250000      34048674.      210069.69      34258743.    
0.90250000      34048674.      210069.69      34258743.    
0.91250000      34048674.      210069.69      34258743.    
0.92250000      34048674.      210069.69      34258743.    
0.93250000      34048674.      210069.69      34258743.    
0.94250000      34048674.      210069.69      34258743.    
0.95250000      34048674.      210069.69      34258743.    
0.96250000      34048674.      210069.69      34258743.    
0.97250000      34048674.      210069.69      34258743.    
0.98250000      34048674.      210069.69      34258743.    
0.99250000      34048674.      210069.69      34258743.    
 1.0025000      34048674.      210069.69      34258743.    
 1.0125000      34048674.      210069.69      34258743.    
 1.0225000      34048674.      210069.69      34258743.    
 1.0325000      34048674.      210069.69      34258743.    
 1.0425000      34048674.      210069.69      34258743.    
 1.0525000      34048674.      210069.69      34258743.    
 1.0625000      34048674.      210069.69      34258743.    
 1.0725000      34048674.      210069.69      34258743.    
 1.0825000      34048674.      210069.69      34258743.    
 1.0925000      34048674.      210069.69      34258743.    
 1.1025000      34048674.      210069.69      34258743.    
 1.1125000      34048674.      210069.69      34258743.    
 1.1225000      34048674.      210069.69      34258743.    
 1.1325000      34048674.      210069.69      34258743.    
 1.1425000      34048674.      210069.69      34258743.    
 1.1525000      34048674.      210069.69      34258743.    
 1.1625000      34048674.      210069.69      34258743.    
 1.1725000      34048674.      210069.69      34258743.    
 1.1825000      34048674.      210069.69      34258743.    
 1.1925000      34048674.      210069.69      34258743.    
 1.2025000      34048674.      210069.69      34258743.    
 1.2125000      34048674.      210069.69      34258743.    
 1.2225000      34048674.      210069.69      34258743.    
 1.2325000      34048674.      210069.69      34258743.    
 1.2425000      34048674.      210069.69      34258743.    
 1.2525000      34048674.      210069.69      34258743.    
 1.2625000      34048674.      210069.69      34258743.    
 1.2725000      34048674.      210069.69      34258743.    
 1.2825000      34048674.      210069.69      34258743.    
 1.2925000      34048674.      210069.69      34258743.    
 1.3025000      34048674.      210069.69      34258743.    
 1.3125000      34048674.      210069.69      34258743.    
 1.3225000      34048674.      210069.69      34258743.    
 1.3325000      34048674.      210069.69      34258743.    
 1.3425000      34048674.      210069.69      34258743.    
 1.3525000      34048674.      210069.69      34258743.    
 1.3625000      34048674.      210069.69      34258743.    
 1.3725000      34048674.      210069.69      34258743.    
 1.3825000      34048674.      210069.69      34258743.    
 1.3925000      34048674.      210069.69      34258743.    
 1.4025000      34048674.      210069.69      34258743.    
 1.4125000      34048674.      210069.69      34258743.    
 1.4225000      34048674.      210069.69      34258743.    
 1.4325000      34048674.      210069.69      34258743.    
 1.4425000      34048674.      210069.69      34258743.    
 1.4525000      34048674.      210069.69      34258743.    
 1.4625000      34048674.      210069.69      34258743.    
 1.4725000      34048674.      210069.69      34258743.    
 1.4825000      34048674.      210069.69      34258743.    
 1.4925000      34048674.      210069.69      34258743.    
 1.5025000      34048674.      210069.69      34258743.    
 1.5125000      34048674.      210069.69      34258743.    
 1.5225000      34048674.      210069.69      34258743.    
 1.5325000      34048674.      210069.69      34258743.    
 1.5425000      34048674.      210069.69      34258743.    
 1.5525000      34048674.      210069.69      34258743.    
 1.5625000      34048674.      210069.69      34258743.    
 1.5725000      34048674.      210069.69      34258743.    
 1.5825000      34048674.      210069.69      34258743.    
 1.5925000      34048674.      210069.69      34258743.    
 1.6025000      34048674.      210069.69      34258743.    
 1.6125000      34048674.      210069.69      34258743.    
 1.6225000      34048674.      210069.69      34258743.    
 1.6325000      34048674.      210069.69      34258743.    
 1.6425000      34048674.      210069.69      34258743.    
 1.6525000      34048674.      210069.69      34258743.    
 1.6625000      34048674.      210069.69      34258743.    
 1.6725000      34048674.      210069.69      34258743.    
 1.6825000      34048674.      210069.69      34258743.    
 1.6925000      34048674.      210069.69      34258743.    
 1.7025000      34048674.      210069.69      34258743.    
 1.7125000      34048674.      210069.69      34258743.    
 1.7225000      34048674.      210069.69      34258743.    
 1.7325000      34048674.      210069.69      34258743.    
 1.7425000      34048674.      210069.69      34258743.    
 1.7525000      34048674.      210069.69      34258743.    
 1.7625000      34048674.      210069.69      34258743.    
 1.7725000      34048674.      210069.69      34258743.    
 1.7825000      34048674.      210069.69      34258743.    
 1.7925000      34048674.      210069.69      34258743.    
 1.8025000      34048674.      210069.69      34258743.    
 1.8125000      34048674.      210069.69      34258743.    
 1.8225000      34048674.      210069.69      34258743.    
 1.8325000      34048674.      210069.69      34258743.    
 1.8425000      34048674.      210069.69      34258743.    
 1.8525000      34048674.      210069.69      34258743.    
 1.8625000      34048674.      210069.69      34258743.    
 1.8725000      34048674.      210069.69      34258743.    
 1.8825000      34048674.      210069.69      34258743.    
 1.8925000      34048674.      210069.69      34258743.    
 1.9025000      34048674.      210069.69      34258743.    
 1.9125000      34048674.      210069.69      34258743.    
 1.9225000      34048674.      210069.69      34258743.    
 1.9325000      34048674.      210069.69      34258743.    
 1.9425000      34048674.      210069.69      34258743.    
 1.9525000      34048674.      210069.69      34258743.    
 1.9625000      34048674.      210069.69      34258743.    
 1.9725000      34048674.      210069.69      34258743.    
 1.9825000      34048674.      210069.69      34258743.    
 1.9925000      34048674.      210069.69      34258743.    
 2.0025000      34048674.      210069.69      34258743.    
 2.0125000      34048674.      210069.69      34258743.    
 2.0225000      34048674.      210069.69      34258743.    
 2.0325000      34048674.      210069.69      34258743.    
 2.0425000      34048674.      210069.69      34258743.    
 2.0525000      34048674.      210069.69      34258743.    
 2.0625000      34048674.      210069.69      34258743.    
 2.0725000      34048674.      210069.69      34258743.    
 2.0825000      34048674.      210069.69      34258743.    
 2.0925000      34048674.      210069.69      34258743.    
 2.1025000      34048674.      210069.69      34258743.    
 2.1125000      34048674.      210069.69      34258743.    
 2.1225000      34048674.      210069.69      34258743.    
 2.1325000      34048674.      210069.69      34258743.    
 2.1425000      34048674.      210069.69      34258743.    
 2.1525000      34048674.      210069.69      34258743.    
 2.1625000      34048674.      210069.69      34258743.    
 2.1725000      34048674.      210069.69      34258743.    
 2.1825000      34048674.      210069.69      34258743.    
 2.1925000      34048674.      210069.69      34258743.    
 2.2025000      34048674.      210069.69      34258743.    
 2.2125000      34048674.      210069.69      34258743.    
 2.2225000      34048674.      210069.69      34258743.    
 2.2325000      34048674.      210069.69      34258743.    
 2.2425000      34048674.      210069.69      34258743.    
 2.2525000      34048674.      210069.69      34258743.    
 2.2625000      34048674.      210069.69      34258743.    
 2.2725000      34048674.      210069.69      34258743.    
 2.2825000      34048674.      210069.69      34258743.    
 2.2925000      34048674.      210069.69      34258743.    
 2.3025000      34048674.      210069.69      34258743.    
 2.3125000      34048674.      210069.69      34258743.    
 2.3225000      34048674.      210069.69      34258743.    
 2.3325000      34048674.      210069.69      34258743.    
 2.3425000      34048674.      210069.69      34258743.    
 2.3525000      34048674.      210069.69      34258743.    
 2.3625000      34048674.      210069.69      34258743.    
 2.3725000      34048674.      210069.69      34258743.    
 2.3825000      34048674.      210069.69      34258743.    
 2.3925000      34048674.      210069.69      34258743.    
 2.4025000      34048674.      210069.69      34258743.    
 2.4125000      34048674.      210069.69      34258743.    
 2.4225000      34048674.      210069.69      34258743.    
 2.4325000      34048674.      210069.69      34258743.    
 2.4425000      34048674.      210069.69      34258743.    
 2.4525000      34048674.      210069.69      34258743.    
 2.4625000      34048674.      210069.69      34258743.    
 2.4725000      34048674.      210069.69      34258743.    
 2.4825000      34048674.      210069.69      34258743.    
 2.4925000      34048674.      210069.69      34258743.    
 2.5025000      34048674.      210069.69      34258743.    
 2.5125000      34048674.      210069.69      34258743.    
 2.5225000      34048674.      210069.69      34258743.    
 2.5325000      34048674.      210069.69      34258743.    
 2.5425000      34048674.      210069.69      34258743.    
 2.5525000      34048674.      210069.69      34258743.    
 2.5625000      34048674.      210069.69      34258743.    
 2.5725000      34048674.      210069.69      34258743.    
 2.5825000      34048674.      210069.69      34258743.    
 2.5925000      34048674.      210069.69      34258743.    
 2.6025000      34048674.      210069.69      34258743.    
 2.6125000      34048674.      210069.69      34258743.    
 2.6225000      34048674.      210069.69      34258743.    
 2.6325000      34048674.      210069.69      34258743.    
 2.6425000      34048674.      210069.69      34258743.    
 2.6525000      34048674.      210069.69      34258743.    
 2.6625000      34048674.      210069.69      34258743.    
 2.6725000      34048674.      210069.69      34258743.    
 2.6825000      34048674.      210069.69      34258743.    
 2.6925000      34048674.      210069.69      34258743.    
 2.7025000      34048674.      210069.69      34258743.    
 2.7125000      34048674.      210069.69      34258743.    
 2.7225000      34048674.      210069.69      34258743.    
 2.7325000      34048674.      210069.69      34258743.    
 2.7425000      34048674.      210069.69      34258743.    
 2.7525000      34048674.      210069.69      34258743.    
 2.7625000      34048674.      210069.69      34258743.    
 2.7725000      34048674.      210069.69      34258743.    
 2.7825000      34048674.      210069.69      34258743.    
 2.7925000      34048674.      210069.69      34258743.    
 2.8025000      34048674.      210069.69      34258743.    
 2.8125000      34048674.      210069.69      34258743.    
 2.8225000      34048674.      210069.69      34258743.    
 2.8325000      34048674.      210069.69      34258743.    
 2.8425000      34048674.      210069.69      34258743.    
 2.8525000      34048674.      210069.69      34258743.    
 2.8625000      34048674.      210069.69      34258743.    
 2.8725000      34048674.      210069.69      34258743.    
